735
989
513
66
403
843
722
786
662
617
166
309
931
663
828
830
453
445
504
869
472
193
528
224
423
401
892
151
99
393
588
827
479
265
907
165
396
605
763
487
509
538
614
628
118
795
397
577
175
719
9
850
519
318
242
427
710
774
776
201
82
75
760
600
568
767
773
240
613
195
456
200
27
937
907
817
934
626
22
659
83
707
306
715
639
252
334
684
252
381
958
642
638
428
571
321
100
545
205
658
463
47
17
312
626
408
782
325
554
537
300
192
824
596
283
175
7
398
132
823
44
161
234
296
496
174
817
297
972
791
176
99
345
968
68
409
349
490
408
602
984
912
918
130
773
224
326
777
237
181
761
785
170
291
490
781
191
463
804
861
793
413
846
150
603
997
475
658
845
815
758
259
73
558
557
201
68
782
759
613
448
30
98
119
902
455
190
799
199
427
371
432
56
872
120
155
715
512
430
430
601
499
224
470
768
377
35
93
908
767
518
296
591
613
987
736
57
359
122
664
318
969
168
828
549
253
450
300
745
596
796
175
415
778
487
635
628
288
711
897
85
187
83
178
15
328
703
908
598
497
390
85
306
818
175
835
17
600
889
970
33
641
685
552
125
907
636
281
577
405
135
792
778
15
660
820
291
30
659
523
485
167
658
201
757
826
484
13
83
492
404
332
149
213
302
799
589
296
534
225
918
453
942
988
595
893
613
710
284
24
371
580
779
739
642
857
245
513
315
763
410
872
423
188
83
163
28
366
910
905
436
979
587
446
8
908
857
86
140
237
472
294
670
944
994
174
856
144
698
865
296
643
114
129
649
66
693
983
760
785
913
884
861
406
667
607
845
631
143
687
207
904
518
992
164
347
698
784
600
176
40
386
987
926
436
423
108
566
404
418
493
798
874
464
705
627
141
543
252
580
81
71
730
805
93
175
947
637
371
254
210
123
69
391
651
417
648
267
460
953
151
330
163
736
499
101
612
183
905
665
214
460
382
596
1
340
946
785
565
281
500
909
545
493
593
557
282
518
223
357
552
5
575
803
728
138
148
866
593
436
26
864
53
444
135
561
373
186
224
888
226
113
937
227
732
668
814
719
879
536
253
646
224
103
474
507
509
635
315
85
893
229
250
432
824
616
348
410
188
517
46
160
261
340
500
605
162
682
962
918
968
253
107
679
367
580
492
306
777
71
355
234
107
794
762
235
968
658
731
184
961
473
321
621
837
787
826
383
730
252
178
702
377
733
349
170
225
316
72
120
587
879
459
80
553
909
191
136
209
785
746
225
806
881
823
617
920
402
470
101
329
67
647
668
264
391
908
829
954
576
648
35
866
711
889
68
885
302
875
669
705
938
888
131
120
223
510
63
484
8
264
23
592
313
985
265
388
305
484
443
424
115
96
664
753
307
445
970
965
314
365
959
446
221
232
961
512
859
96
923
976
298
914
899
889
459
867
840
632
775
220
206
279
513
422
754
180
628
201
770
980
801
185
899
905
587
217
688
985
492
870
944
26
92
854
983
566
288
919
935
782
143
614
296
239
776
718
51
715
230
479
810
808
294
841
568
935
783
690
904
367
890
773
647
408
837
350
303
440
181
844
837
548
854
686
707
658
179
352
408
644
886
78
178
642
406
82
908
922
528
198
772
989
859
712
557
258
355
853
170
542
648
810
373
840
768
390
323
329
360
414
145
312
467
749
355
850
487
404
645
181
964
519
233
619
455
136
691
525
845
597
953
111
107
82
960
291
724
281
253
537
666
419
660
706
66
924
99
99
535
812
462
606
332
464
457
638
463
859
294
694
137
457
89
834
922
909
902
32
356
432
407
370
746
243
289
296
373
695
595
723
351
829
421
573
922
909
549
477
109
123
822
740
190
48
355
343
683
652
939
719
152
594
324
272
396
330
418
119
304
40
838
338
944
753
639
84
252
85
505
294
33
930
177
347
843
81
379
957
736
173
44
801
772
616
255
845
655
129
840
116
871
301
283
713
194
169
205
170
513
122
411
903
510
605
199
360
817
960
411
674
969
467
470
53
609
108
487
912
152
797
368
720
317
910
729
885
753
702
360
539
254
840
902
958
918
622
390
509
967
639
338
415
839
546
47
343
603
354
928
816
693
143
695
693
483
369
467
533
208
33
916
477
321
781
863
382
456
672
910
361
778
725
951
517
661
571
735
660
303
482
929
980
113
821
505
211
440
476
668
588
482
151
926
994
46
509
386
49
118
987
805
536
124
828
461
476
135
239
417
387
185
874
372
711
370
783
831
206
361
